# MetroFlow bilayer station network
# Time window: 09:00-17:00
# Nodes: 302
# NodeId	StationId	StationName	Longitude	Latitude	CommutingActivity	NoncommutingActivity	CommutingShare	NoncommutingShare
0	2048	Longcao Road	121.439715575	31.171622034	545320	2348343	0.188453182005	0.811546817995
1	2049	Pudian Road	121.527848943	31.224457288	1087934	2576762	0.296868826227	0.703131173773
2	2050	Jing'an Temple	121.441840398	31.225058466	2163410	8167024	0.209421017549	0.790578982451
3	2051	Yishan Road	121.422615594	31.188486856	1167256	4159605	0.21912642361	0.78087357639
4	2052	Longyang Road	121.552971357	31.205156342	605296	3660358	0.141899929061	0.858100070939
5	2053	Xintiandi	121.470561773	31.218292459	492786	2175092	0.184710845099	0.815289154901
6	2054	Jiangsu Road	121.427966595	31.221768963	1067893	3729673	0.222590580307	0.777409419693
7	2055	Caoyang Road	121.413156251	31.241192686	758777	3603355	0.173946363842	0.826053636158
8	2056	South Shaanxi Road	121.455464091	31.21914496	1504874	6099038	0.197907866372	0.802092133628
9	2057	Longde Road	121.418836726	31.232586009	385414	1196888	0.243578027456	0.756421972544
10	508	Jianchuan Road	121.411962619	31.028392219	104526	677472	0.133665303492	0.866334696508
11	1043	Hongqiao Terminal 1	121.342591804	31.193518019	103844	606756	0.146135660006	0.853864339994
12	1044	Shanghai Zoo	121.363529229	31.192230792	120585	924653	0.115366069737	0.884633930263
13	1045	Longxi Road	121.375244457	31.196193522	142682	680494	0.173331098088	0.826668901912
14	512	Wenjing Road	121.376150158	31.005526962	49489	97256	0.337244880575	0.662755119425
15	1047	Yili Road	121.39921421	31.201064069	355284	1147159	0.23647086778	0.76352913222
16	1048	Songyuan Road	121.407543286	31.198348293	251979	1011389	0.199450199783	0.800549800217
17	1628	Shanghai Wild Animal Park	121.695438606	31.052487249	91922	659335	0.122357595337	0.877642404663
18	943	Middle Yanggao Road	121.544387644	31.229674097	373197	1591847	0.18991788479	0.81008211521
19	1626	Hangtou East	121.613286958	31.05724005	47883	215157	0.182036952555	0.817963047445
20	1055	Yuyuan Garden	121.482864468	31.229964559	532533	2959691	0.152491077319	0.847508922681
21	1058	North Sichuan Road	121.479642061	31.253898054	424341	1613680	0.208212280443	0.791787719557
22	1627	Xinchang	121.644868866	31.04780769	180994	771833	0.1899547347	0.8100452653
23	1060	Youdian Xincun	121.489789828	31.270427704	221185	974443	0.184994831168	0.815005168832
24	1062	Tongji University	121.501792382	31.283944779	280272	1284132	0.179155767947	0.820844232053
25	1064	Wujiaochang	121.510067542	31.2997292	265826	1986669	0.118014024448	0.881985975552
26	1065	Jiangwan Stadium	121.509729601	31.305442827	437681	2067622	0.174701822494	0.825298177506
27	1066	Sanmen Road	121.50401182	31.315050515	112493	374600	0.230947683502	0.769052316498
28	1067	East Yingao Road	121.502525459	31.323799384	64364	283150	0.185212682079	0.814787317921
29	1068	New Jiangwan City	121.502697658	31.33112066	164633	732052	0.183601822268	0.816398177732
30	1629	Huinan	121.757556095	31.055964545	360571	1373914	0.207883608103	0.792116391897
31	1246	Donglu Road	121.57507366	31.284688952	178434	651241	0.215064935065	0.784935064935
32	513	Minhang Development Zone	121.365118845	31.002572281	80825	222070	0.266841644794	0.733158355206
33	1630	Huinan East	121.789523971	31.02841678	28486	146660	0.162641453416	0.837358546584
34	837	Zhongxing Road	121.464500701	31.255223204	324297	1310044	0.198426766507	0.801573233493
35	1161	Xiuyan Road	121.594253458	31.140388537	190902	799013	0.192846860589	0.807153139411
36	1631	Shuyuan	121.846216134	30.961601584	89742	324048	0.216878126586	0.783121873414
37	1632	Lingang Avenue	121.90670309	30.925884482	43949	315540	0.122254088442	0.877745911558
38	1159	Yuqiao	121.566686634	31.160429607	241314	1038155	0.188604804024	0.811395195976
39	2031	Madang Road	121.472724523	31.211562334	437279	1800177	0.195435798514	0.804564201486
40	1622	Middle Huaxia Road	121.578857186	31.178233461	21651	92910	0.188991017886	0.811008982114
41	1156	East Sanlin	121.518661386	31.148597133	178656	779710	0.186417297776	0.813582702224
42	1162	Kangxin Highway	121.613030242	31.132655073	89743	469140	0.160575648213	0.839424351787
43	1624	East Zhoupu	121.602754092	31.112309544	208507	982846	0.175016976496	0.824983023504
44	1625	Hesha Hangcheng	121.607093362	31.079974585	214796	744821	0.223835134225	0.776164865775
45	1114	Huaqiao	121.099702972	31.300398755	182626	814428	0.183165605875	0.816834394125
46	1115	Guangming Road	121.112634001	31.298066751	73746	378224	0.163165696838	0.836834303162
47	1116	Zhaofeng Road	121.145740322	31.290849897	139482	575045	0.195208858448	0.804791141552
48	1117	Anting	121.157449346	31.29037688	202089	955354	0.174599526715	0.825400473285
49	1118	Shanghai Automobile City	121.176250907	31.28729941	97724	326923	0.230129966772	0.769870033228
50	1119	East Changji Road	121.195922139	31.295550108	55044	219290	0.200645927956	0.799354072044
51	1120	Shanghai Circuit	121.221647938	31.33387003	41596	296684	0.12296322573	0.87703677427
52	1633	Dishui Lake	121.925777167	30.909305386	96710	616709	0.135558486668	0.864441513332
53	1020	Longbai Xincun	121.365793331	31.179095825	272776	1103158	0.198247881076	0.801752118924
54	1153	Longyao Road	121.455131976	31.161590898	80476	326891	0.197551593526	0.802448406474
55	1131	North Jiading	121.232947442	31.393474009	357205	1499565	0.192379777786	0.807620222214
56	1132	West Jiading	121.223424041	31.379042743	163873	816021	0.16723543567	0.83276456433
57	1133	Baiyin Road	121.240967331	31.347225544	124385	612707	0.168750983595	0.831249016405
58	622	South Lingyan Road	121.490806173	31.150842633	128575	542608	0.191564744637	0.808435255363
59	623	Shangnan Road	121.502354461	31.15110376	89488	517917	0.147328388802	0.852671611198
60	112	Waihuanlu	121.38849586	31.12298734	227613	1017544	0.182798635032	0.817201364968
61	113	Lianhua Road	121.39828804	31.132883499	869214	4058741	0.176384321691	0.823615678309
62	114	Jinjiang Amusement Park	121.409494683	31.144053983	334873	1783642	0.158069685605	0.841930314395
63	1139	Wuwei Road	121.360455468	31.278154062	26102	151413	0.147041095119	0.852958904881
64	628	Linyi Xincun	121.512700268	31.195301069	187460	623028	0.231292752021	0.768707247979
65	629	Shanghai Children's Medical Center	121.51890689	31.204842461	165622	816605	0.168618863053	0.831381136947
66	1142	Shanghai West Railway Station	121.396085821	31.264540771	341849	1308252	0.207168530896	0.792831469104
67	119	Hengshan Road	121.441944506	31.206619041	196266	888037	0.181006600554	0.818993399446
68	1144	Fengqiao Road	121.406511864	31.243749563	276677	1215968	0.18536021626	0.81463978374
69	633	Yuanshen Sports Center	121.530378145	31.235143094	199086	892169	0.182437652061	0.817562347939
70	634	Minsheng Road	121.53961142	31.238147385	167278	769511	0.178565290583	0.821434709417
71	635	Beiyangjing Road	121.547873193	31.24121507	141147	752808	0.157890497844	0.842109502156
72	124	Xinzha Road	121.463493379	31.24067856	298305	1232553	0.194861313068	0.805138686932
73	637	Yunshan Road	121.568640821	31.252628085	201210	907567	0.18147021448	0.81852978552
74	638	Jinqiao Road	121.577716757	31.259449703	299971	1613393	0.156776755495	0.843223244505
75	127	Zhongshan North Road	121.454688131	31.260741938	379788	1682434	0.1841644595	0.8158355405
76	128	Yanchang Road	121.450712025	31.273307641	620245	2880066	0.177197111914	0.822802888086
77	129	Shanghai Circus City	121.447341668	31.281257251	544513	1819353	0.230348505372	0.769651494628
78	130	Wenshui Road	121.445587497	31.29447578	452317	1796859	0.201103426321	0.798896573679
79	131	Pengpu Xincun	121.444082899	31.30850675	626626	2498172	0.200533282471	0.799466717529
80	132	Gongkang Road	121.442452627	31.320858825	424914	1955539	0.178501318867	0.821498681133
81	133	Tonghe Xincun	121.436929642	31.332913486	493165	1900073	0.206066007643	0.793933992357
82	134	Hulan Road	121.433106054	31.341600756	234749	764878	0.23483659405	0.76516340595
83	135	Gongfu Xincun	121.429488802	31.356902294	399409	1591138	0.200652885865	0.799347114135
84	136	Bao'an Highway	121.42634765	31.371233449	249282	945833	0.208584111152	0.791415888848
85	137	West Youyi Road	121.423323482	31.382958896	88015	358036	0.197320485774	0.802679514226
86	138	Fujin Road	121.420030689	31.393999581	353929	1470965	0.193944963379	0.806055036621
87	1163	Disney Resort	121.663732891	31.143438744	229607	934809	0.197186400737	0.802813599263
88	1134	Jiading New City	121.249887524	31.332106143	219291	1004526	0.179186103805	0.820813896195
89	1135	Malu	121.272439838	31.321597357	185552	690128	0.211894756075	0.788105243925
90	1323	Fengzhuang	121.350698505	31.244292623	241406	936819	0.204889558446	0.795110441554
91	624	West Huaxia Road	121.510363399	31.15192965	99201	493251	0.167441412975	0.832558587025
92	1051	Shanghai Library	121.441741894	31.211194198	197082	1247798	0.136400254692	0.863599745308
93	625	Gaoqing Road	121.511143798	31.161859926	138450	521695	0.209726650963	0.790273349037
94	1250	Shenjiang Road	121.622624106	31.282334324	71601	373962	0.160697813777	0.839302186223
95	1223	Donglan Road	121.387228456	31.15770063	102695	479044	0.176531056023	0.823468943977
96	626	Dongming Road	121.506212539	31.174923735	146058	605216	0.194413755833	0.805586244167
97	824	Luheng Road	121.493805184	31.120878108	360566	1278658	0.219961396368	0.780038603632
98	1063	Guoquan Road	121.50566807	31.291328446	266055	1095771	0.195366368391	0.804633631609
99	1046	Shuicheng Road	121.38734927	31.201321803	264142	1139904	0.188129163859	0.811870836141
100	1141	Liziyuan	121.385192546	31.270865609	299007	1082064	0.216503713422	0.783496286578
101	1220	Qixin Road	121.35721193	31.132914547	226467	1084413	0.172759520322	0.827240479678
102	1221	Hongxin Road	121.375669938	31.139418878	87091	403419	0.17755193574	0.82244806426
103	1222	Gudai Road	121.387239321	31.142693849	115676	606879	0.160093003301	0.839906996699
104	1140	Qilianshan Road	121.371234343	31.273492779	206481	946072	0.179150980476	0.820849019524
105	1224	Hongmei Road	121.392662297	31.162296375	299951	820967	0.267594061296	0.732405938704
106	1225	Hongcao Road	121.40572841	31.166154493	329454	907131	0.266422445687	0.733577554313
107	1226	Guilin Park	121.415287723	31.169028586	152990	813661	0.158268082276	0.841731917724
108	1143	Zhenru	121.402592639	31.252631342	160015	698586	0.186367125126	0.813632874874
109	721	Meilan Lake	121.345259511	31.403775779	248529	1166943	0.175580301129	0.824419698871
110	722	Luonan Xincun	121.35280146	31.39059269	137212	587888	0.189231830092	0.810768169908
111	723	Panguang Road	121.351598417	31.365445218	49509	266771	0.156535348425	0.843464651575
112	724	Liu Hang	121.357774726	31.359381323	127913	557282	0.186681163756	0.813318836244
113	725	Gucun Park	121.368320304	31.34649161	330119	1318304	0.200263524593	0.799736475407
114	726	Qihua Road	121.368834677	31.324270359	168061	541248	0.236936229485	0.763063770515
115	727	Shanghai University	121.384324697	31.322373451	233816	1105447	0.174585574305	0.825414425695
116	728	Nanchen Road	121.394081532	31.323554777	93026	419013	0.181677567529	0.818322432471
117	729	Shangda Road	121.404049079	31.316758855	149427	496470	0.231348032271	0.768651967729
118	730	Changzhong Road	121.408605124	31.305631244	226435	879463	0.204752156166	0.795247843834
119	731	Dachang Town	121.411602017	31.29507342	139539	533035	0.207470107379	0.792529892621
120	732	Xingzhi Road	121.417174701	31.285986202	324038	1272598	0.202950453328	0.797049546672
121	733	Dahua San Road	121.418482486	31.275723943	400143	1530171	0.207294253681	0.792705746319
122	734	Xincun Road	121.417997974	31.26563162	367421	1524239	0.194232050157	0.805767949843
123	735	Langao Road	121.417161444	31.257880611	338767	1085590	0.237838547499	0.762161452501
124	1248	North Yanggao Road	121.598573379	31.282251196	118526	616975	0.161150018831	0.838849981169
125	1249	Jinjing Road	121.610593785	31.281820276	146732	665637	0.18062235265	0.81937764735
126	738	Changping Road	121.43788726	31.235646924	600890	1788158	0.251518596529	0.748481403471
127	639	Boxing Road	121.582521596	31.265715972	211086	911224	0.188081724301	0.811918275699
128	636	Deping Road	121.559841511	31.247492601	212567	1071796	0.165503833418	0.834496166582
129	234	East Xujing	121.295031968	31.190426253	726342	2987251	0.195590092937	0.804409907063
130	747	Yuntai Road	121.496129096	31.18446681	160152	806706	0.165641697126	0.834358302874
131	237	Songhong Road	121.355346112	31.22001095	972287	2919319	0.24984209604	0.75015790396
132	238	Beixinjing	121.369712386	31.218084283	388835	1630993	0.19250896611	0.80749103389
133	239	Weining Road	121.382591045	31.216888017	407015	1860416	0.179504911065	0.820495088935
134	240	Loushanguan Road	121.399743041	31.213019401	930426	3540727	0.208095316801	0.791904683199
135	753	Huamu Road	121.558661905	31.213026204	356340	1463920	0.195763242614	0.804236757386
136	1321	Jinyun Road	121.314864878	31.242815574	592798	1862536	0.241432733795	0.758567266205
137	1150	Shanghai Swimming Center	121.436739009	31.181366331	207461	925828	0.183060984444	0.816939015556
138	247	Lujiazui	121.4979311	31.240237146	1439641	5470550	0.208335920093	0.791664079907
139	248	Dongchang Road	121.511146849	31.235374664	711991	2792627	0.203157947599	0.796842052401
140	2004	Jufeng Road	121.584260909	31.282831741	172164	1012126	0.145373177178	0.854626822822
141	250	Shanghai Science and Technology Museum	121.54035992	31.220820317	320306	1879397	0.145613294158	0.854386705842
142	251	Century Park	121.546610423	31.211428964	280891	1158046	0.195207295385	0.804792704615
143	253	Zhangjiang Hi-Tech Park	121.583445308	31.204000442	705007	1942872	0.266253480616	0.733746519384
144	254	Jinke Road	121.597840355	31.206443837	1070761	2442219	0.304801336757	0.695198663243
145	255	Guanglan Road	121.616923077	31.213126633	616127	2039976	0.231966531418	0.768033468582
146	256	Tangzhen	121.652313671	31.216483578	253615	1108599	0.186178529952	0.813821470048
147	257	Chuangxin Central Road	121.669574879	31.215686458	26368	140874	0.157663744753	0.842336255247
148	258	East Huaxia Road	121.676664195	31.198756563	177773	704157	0.201572687175	0.798427312825
149	259	Chuansha	121.69397627	31.188872391	298935	1219132	0.196918186088	0.803081813912
150	260	Lingkong Road	121.719371563	31.194796045	47636	217487	0.179675094202	0.820324905798
151	261	Yuandong Avenue	121.751012842	31.201430591	35917	157421	0.185773102029	0.814226897971
152	262	Haitian 3rd Road	121.792700291	31.170492685	48504	154945	0.238408642952	0.761591357048
153	263	Pudong International Airport	121.801903153	31.152450366	111496	1396210	0.0739507569778	0.926049243022
154	1239	Tilanqiao	121.502585748	31.255518759	194613	628990	0.236294671098	0.763705328902
155	642	Dongjing Road	121.584663712	31.293153416	112911	430951	0.207609650978	0.792390349022
156	643	Wuzhou Avenue	121.585133606	31.304728889	75895	415163	0.154554044532	0.845445955468
157	1241	Jiangpu Park	121.519166426	31.266534411	261562	1079840	0.194991508884	0.805008491116
158	644	Zhouhai Road	121.585223441	31.314421091	103313	478858	0.177461604924	0.822538395076
159	640	Wulian Road	121.58378743	31.27414907	168644	936775	0.152561155544	0.847438844456
160	1322	West Jinshajiang Road	121.330754923	31.243072825	106204	471040	0.183984588839	0.816015411161
161	1242	Ningguo Road	121.527936109	31.270559692	338791	1453437	0.189033426551	0.810966573449
162	645	South Waigaoqiao Free Trade Zone Station	121.59778165	31.323763133	90312	415978	0.178379979853	0.821620020147
163	1243	Longchang Road	121.540707808	31.277458786	320815	1186546	0.21283222798	0.78716777202
164	646	Hangjin Road	121.589807171	31.337549811	112278	537202	0.172873683562	0.827126316438
165	1329	Wuning Road	121.425915093	31.236185753	332610	1302148	0.203461307423	0.796538692577
166	1244	Aiguo Road	121.548415693	31.281994036	171639	716807	0.193190131983	0.806809868017
167	1152	Yunjin Road	121.453824439	31.169478023	104432	344591	0.232576059578	0.767423940422
168	647	North Waigaoqiao Free Trade Zone Station	121.582724831	31.349940744	98169	398275	0.197744357873	0.802255642127
169	1324	South Qilianshan Road	121.362869603	31.239405116	328877	1220670	0.212240738745	0.787759261255
170	1325	Zhenbei Road	121.377228761	31.234191683	539223	1652995	0.245971431673	0.754028568327
171	1326	Daduhe Road	121.389819686	31.233673981	472011	1513181	0.237765918863	0.762234081137
172	1245	Fuxing Island	121.557010351	31.282961224	35482	90300	0.28209123722	0.71790876278
173	648	Gangcheng Road	121.570374974	31.355142146	70119	326880	0.17662261114	0.82337738886
174	1331	Jiangning Road	121.440163596	31.246266848	397827	1365382	0.225626684074	0.774373315926
175	820	Shendu Highway	121.507905886	31.063523541	590264	2548111	0.188079499741	0.811920500259
176	821	Lianhang Road	121.506222033	31.075710319	209458	769065	0.214055264925	0.785944735075
177	822	Jiangyue Road	121.504236848	31.086342078	234495	1133305	0.171439537944	0.828560462056
178	823	Pujiang Town	121.501874632	31.098688359	242004	758792	0.241811518032	0.758188481968
179	312	Shilong Road	121.438667977	31.159856731	170779	774137	0.180734583815	0.819265416185
180	825	Lingzhao Xincun	121.48489117	31.143021235	99948	452916	0.180782253864	0.819217746136
181	314	Caoxi Road	121.433731362	31.178643733	118317	730481	0.139393589523	0.860606410477
182	827	Yangsi	121.488937814	31.162962578	337953	1243811	0.2136557666	0.7863442334
183	828	Chengshan Road	121.4918544	31.172546018	366757	1657247	0.181203693273	0.818796306727
184	931	Caohejing Hi-Tech Park	121.393065079	31.172459594	1182433	1836946	0.39161463334	0.60838536666
185	830	China Art Museum	121.489343642	31.18724117	102516	1193261	0.0791154650839	0.920884534916
186	1333	Shanghai Natural History Museum	121.457823884	31.238327541	150667	837750	0.15243262712	0.84756737288
187	1238	International Cruise Terminal	121.494592057	31.252401124	206453	648891	0.241368385118	0.758631614882
188	834	Great World	121.474712385	31.229130521	627358	2681222	0.189615484589	0.810384515411
189	505	Zhuanqiao	121.397229638	31.068926951	238416	1018507	0.18968226375	0.81031773625
190	846	Huangxing Park	121.52862169	31.298126414	131910	665251	0.165474728443	0.834525271557
191	325	Dongbaoxing Road	121.475714615	31.26190605	273554	1085246	0.201320282602	0.798679717398
192	838	North Xizang Road	121.464264315	31.265306644	423836	1753461	0.194661545944	0.805338454056
193	327	Chifeng Road	121.477955068	31.283218029	231300	1279010	0.153147367097	0.846852632903
194	328	Dabaishu	121.47870274	31.291415275	408654	1596702	0.203781273749	0.796218726251
195	329	Jiangwan Town	121.480588797	31.307468902	385032	1673691	0.187024675005	0.812975324995
196	330	West Yingao Road	121.480433603	31.321846932	304149	1268619	0.193384529695	0.806615470305
197	331	South Changjiang Road	121.487004553	31.333957359	281939	1036766	0.213799902177	0.786200097823
198	332	Songfa Road	121.495949213	31.347075743	121480	391472	0.236825277999	0.763174722001
199	333	Zhanghuabang	121.494268593	31.359927177	24379	121382	0.167253243323	0.832746756677
200	334	Songbin Road	121.488635629	31.372264208	148401	669910	0.181350366792	0.818649633208
201	335	Shuichan Road	121.483768106	31.383177516	97462	477929	0.169383949349	0.830616050651
202	336	Baoyang Road	121.475066666	31.397184356	91194	708198	0.114079200192	0.885920799808
203	337	Youyi Road	121.471384511	31.405920883	135192	653430	0.171428136674	0.828571863326
204	338	Tieli Road	121.456448336	31.409918876	64786	180244	0.264400277517	0.735599722483
205	339	North Jiangyang Road	121.435081311	31.409673404	130957	474929	0.216141320314	0.783858679686
206	932	Guilin Road	121.413652527	31.176699229	864262	2134636	0.288193196301	0.711806803699
207	1338	World Expo Museum	121.477251581	31.199280653	169712	725916	0.189489386218	0.810510613782
208	847	Xiangyin Road	121.527501152	31.307201218	165326	900976	0.155046131396	0.844953868604
209	1339	Expo Avenue	121.479708201	31.18501371	60544	350549	0.14727567728	0.85272432272
210	1137	Nanxiang	121.318651748	31.298837137	577246	1972197	0.226420437719	0.773579562281
211	744	Houtan	121.469379488	31.174029921	52556	210586	0.199724863382	0.800275136618
212	745	Changqing Road	121.481698094	31.17661023	260800	919931	0.220880115793	0.779119884207
213	507	Beiqiao	121.405430474	31.04699477	156062	899305	0.147874625604	0.852125374396
214	848	Nenjiang Road	121.527373151	31.316802024	198327	990521	0.166822840262	0.833177159738
215	1155	Sanlin	121.507435391	31.14525371	238157	1115951	0.175877404166	0.824122595834
216	1138	Taopu Xincun	121.345054448	31.283439299	338937	1062099	0.241918837203	0.758081162797
217	749	South Yanggao Road	121.520047669	31.189639158	313946	1084525	0.224492320542	0.775507679458
218	2042	Luoshan Road	121.588971931	31.155506111	67384	309050	0.17900614716	0.82099385284
219	750	Jinxiu Road	121.535752807	31.189635096	281070	1235532	0.185328781051	0.814671218949
220	918	South Songjiang Railway Station	121.226390216	30.987130812	51041	321023	0.137183387804	0.862816612196
221	919	Zuibaichi	121.224717028	31.002760868	102541	620388	0.141841038332	0.858158961668
222	920	Songjiang Sports Center	121.226364779	31.018055817	200529	964309	0.172151835706	0.827848164294
223	921	Songjiang New City	121.226340383	31.032245093	174327	1002515	0.148131184985	0.851868815015
224	922	Songjiang University Town	121.228252415	31.056164209	354291	1854380	0.160409132913	0.839590867087
225	751	Fanghua Road	121.545954276	31.194881433	335201	1442850	0.188521589088	0.811478410912
226	924	Sheshan	121.225311253	31.10625363	303357	1515062	0.166824587733	0.833175412267
227	413	Lingping Road	121.49643205	31.262993787	328511	1416308	0.188277981842	0.811722018158
228	849	Shiguang Road	121.527610735	31.324729476	267028	1080397	0.198176521884	0.801823478116
229	415	Yangshupu Road	121.512674289	31.254056501	326329	1070154	0.233679178336	0.766320821664
230	416	Pudong Avenue	121.514986935	31.242168231	467673	1466833	0.241753191771	0.758246808229
231	929	Xingzhong Road	121.364298895	31.160014256	126524	549319	0.187209159524	0.812790840476
232	930	Hechuan Road	121.380123957	31.168432353	606115	1289395	0.319763546486	0.680236453514
233	923	Dongjing	121.226085386	31.086565625	118184	674609	0.149072961038	0.850927038962
234	420	Tangqiao	121.514379872	31.211791632	440874	2108567	0.172929673603	0.827070326397
235	421	Nanpu Bridge	121.494964097	31.210345047	276344	1174347	0.190491290013	0.809508709987
236	423	Luban Road	121.470721641	31.201255467	462719	1730525	0.210974702313	0.789025297687
237	937	Dapuqiao	121.464086845	31.208456707	809924	4242351	0.160308771791	0.839691228209
238	426	Shanghai Stadium	121.438950452	31.187352492	448071	1903855	0.190512371563	0.809487628437
239	940	Xiaonanmen	121.494041588	31.219075141	387775	1319451	0.227137473305	0.772862526695
240	941	Shangcheng Road	121.512034464	31.232726476	765314	2656971	0.223626612044	0.776373387956
241	925	Sijing	121.2559243	31.120403035	577427	1763825	0.246631716705	0.753368283295
242	840	Quyang Road	121.486134081	31.278512493	321421	1416791	0.184914728468	0.815085271532
243	926	Jiuting	121.315099332	31.139406939	793936	2354600	0.252160369137	0.747839630863
244	927	Zhongchun Road	121.332241062	31.150968837	146166	561748	0.206474232746	0.793525767254
245	842	Anshan Xincun	121.505160723	31.275299223	239392	1161554	0.170878820454	0.829121179546
246	2037	Jiaotong University	121.429716393	31.203733942	611676	2141686	0.222156040506	0.777843959494
247	1157	Pusan Road	121.534488832	31.153109847	156544	643226	0.195736274179	0.804263725821
248	928	Qibao	121.345076273	31.157421516	722046	3378179	0.176099116512	0.823900883488
249	843	Jiangpu Road	121.513485367	31.276923954	463697	2128348	0.178892341761	0.821107658239
250	502	Chunshen Road	121.381178577	31.100133212	71450	366301	0.163220643699	0.836779356301
251	844	Huangxing Road	121.523979949	31.280810293	273241	1319577	0.171545650539	0.828454349461
252	503	Yindu Road	121.385726775	31.091103672	94575	453458	0.172571724695	0.827428275305
253	1019	Ziteng Road	121.360100502	31.171575037	55493	251941	0.180503782926	0.819496217074
254	845	Middle Yanji Road	121.530621364	31.290009786	280476	1185552	0.191316946197	0.808683053803
255	2001	Zhongtan Road	121.436350839	31.256450861	367812	1503184	0.196586203284	0.803413796716
256	2002	South Xizang Road	121.485172565	31.203927157	632267	2697030	0.189910062094	0.810089937906
257	2003	Zhaojiabang Road	121.445871009	31.200675112	663285	2566528	0.205363282642	0.794636717358
258	511	Huaning Road	121.390678018	31.00938857	104721	344570	0.233080564712	0.766919435288
259	2005	Hongkou Football Stadium	121.47470204	31.273254588	807149	4172427	0.162091913046	0.837908086954
260	2006	Dong'an Road	121.4499314	31.19256869	678196	2789537	0.195573303942	0.804426696058
261	2007	Damuqiao Road	121.458937996	31.195957765	345718	1421015	0.195682086654	0.804317913346
262	2008	Laoximen	121.478279894	31.221015196	565697	2225806	0.202649612055	0.797350387945
263	2009	Jinshajiang Road	121.408591207	31.234008201	691375	3750788	0.155639268528	0.844360731472
264	2010	Century Avenue	121.522955917	31.230803895	887504	4047929	0.179822925364	0.820177074636
265	2011	Xinzhuang	121.380839538	31.112983939	1127088	4924868	0.186235326232	0.813764673768
266	2012	Longhua	121.448485485	31.17485915	244188	1884386	0.114719056044	0.885280943956
267	2013	Hongqiao Terminal 2	121.321717626	31.196484051	180799	2036584	0.081537109286	0.918462890714
268	2014	Hongqiao Railway Station	121.313063017	31.196155828	794549	7525236	0.0955011457628	0.904498854237
269	2015	Lancun Road	121.524302062	31.213714866	548417	2086037	0.208171028987	0.791828971013
270	2016	Yaohua Road	121.490091266	31.180529911	352008	2049736	0.146563497192	0.853436502808
271	2017	Changshu Road	121.446512851	31.215311025	717354	2944064	0.195922454087	0.804077545913
272	2018	Siping Road	121.497061344	31.276968216	327364	1454707	0.183698629291	0.816301370709
273	2019	East Nanjing Road	121.478953029	31.239024894	1496507	8083397	0.156213152032	0.843786847968
274	2020	Changshou Road	121.433696872	31.241718375	795425	2837254	0.218963745489	0.781036254511
275	2021	Qufu Road	121.467113891	31.244662253	377766	2129217	0.150685505247	0.849314494753
276	2022	Jinhai Road	121.634358453	31.266432375	191139	1078448	0.150552108678	0.849447891322
277	2023	West Gaoke Road	121.505517848	31.187777365	211538	804776	0.20814236545	0.79185763455
278	2024	Zhenping Road	121.425155934	31.248182892	549021	2564593	0.17632917889	0.82367082111
279	2025	Xujiahui	121.433617821	31.193882267	2015874	8631275	0.189334628453	0.810665371547
280	2026	Tiantong Road	121.47772089	31.246365172	421882	2159035	0.163462056316	0.836537943684
281	2027	Shanghai South Railway Station	121.425368538	31.15649931	916660	5773198	0.137022340385	0.862977659615
282	2028	South Huangpi Road	121.468716902	31.224666072	973615	3800543	0.203934390106	0.796065609894
283	2029	Shanghai Indoor Stadium	121.431603228	31.183782631	522666	3323206	0.135903118981	0.864096881019
284	2030	Baoshan Road	121.471816719	31.253456818	229639	1281498	0.151964381787	0.848035618213
285	2045	Longhua Middle Road	121.452651529	31.186257229	463003	1490390	0.237025012376	0.762974987624
286	2032	Dalian Road	121.508367336	31.26024083	585633	1974697	0.228733405459	0.771266594541
287	2033	Jiashan Road	121.456454874	31.204614556	541395	2220999	0.195987610746	0.804012389254
288	2034	Shanghai Railway Station	121.451257271	31.249149419	1221244	9713998	0.111679650071	0.888320349929
289	2035	People's Square	121.470457083	31.234865971	2194095	13737016	0.13772391643	0.86227608357
290	2036	Lujiabang Road	121.481629339	31.213855096	660264	2905395	0.18517306338	0.81482693662
291	510	Jingping Road	121.405597024	31.013174969	158561	658680	0.194019879081	0.805980120919
292	2038	Caobao Road	121.430310384	31.170171562	589205	2937049	0.167090912906	0.832909087094
293	2039	Hanzhong Road	121.454089429	31.24375272	827221	2710594	0.233822571276	0.766177428724
294	2040	Oriental Sports Center	121.476423914	31.15531154	77032	436116	0.15011653558	0.84988346442
295	2041	West Nanjing Road	121.455627903	31.231607822	1900468	9183090	0.171467321234	0.828532678766
296	1018	Hangzhong Road	121.350339687	31.167316837	159376	675266	0.190951330031	0.809048669969
297	2043	Zhongshan Park	121.412622045	31.220078902	1539625	7250196	0.175159994726	0.824840005274
298	2044	Hongqiao Road	121.416178272	31.199283289	651694	2497288	0.206953866361	0.793046133639
299	509	Dongchuan Road	121.415276286	31.020129531	220883	1225270	0.152738334049	0.847261665951
300	2046	West Yan'an Road	121.412433163	31.21145601	611012	2009436	0.233170816593	0.766829183407
301	2047	Hailun Road	121.485286062	31.260924792	537442	1963015	0.214937509423	0.785062490577
